320	340	359	379	399	418	438	457	477	497	516	536	556	575	595	614	634	654	673	693	712	732	752	771	
320	340	359	379	399	418	438	457	477	497	516	536	556	575	595	614	634	654	673	693	712	732	752	771	
393	411	429	446	464	482	500	518	536	554	572	590	608	626	643	661	679	697	715	733	751	769	787	805	
393	411	429	446	464	482	500	518	536	554	572	590	608	626	643	661	679	697	715	733	751	769	787	805	
393	411	429	446	464	482	500	518	536	554	572	590	608	626	643	661	679	697	715	733	751	769	787	805	
393	411	429	446	464	482	500	518	536	554	572	590	608	626	643	661	679	697	715	733	751	769	787	805	
393	411	429	446	464	482	500	518	536	554	572	590	608	626	643	661	679	697	715	733	751	769	787	805	
393	411	429	446	464	482	500	518	536	554	572	590	608	626	643	661	679	697	715	733	751	769	787	805	
393	411	429	446	464	482	500	518	536	554	572	590	608	626	643	661	679	697	715	733	751	769	787	805	
222	301	286	602	641	685	402	440	444	893	956	980	251	339	322	676	719	767	451	492	496	996	1066	1091	
222	301	286	602	641	685	402	440	444	893	956	980	251	339	322	676	719	767	451	492	496	996	1066	1091	
222	301	286	602	641	685	402	440	444	893	956	980	251	339	322	676	719	767	451	492	496	996	1066	1091	
222	301	286	602	641	685	402	440	444	893	956	980	251	339	322	676	719	767	451	492	496	996	1066	1091	
222	301	286	602	641	685	402	440	444	893	956	980	251	339	322	676	719	767	451	492	496	996	1066	1091	
222	301	286	602	641	685	402	440	444	893	956	980	251	339	322	676	719	767	451	492	496	996	1066	1091	279	377	358	750	797	850	499	544	548	1100	1175	1203	307	415	393	824	875	933	547	596	600	1203	1285	1314	
222	301	286	602	641	685	402	440	444	893	956	980	251	339	322	676	719	767	451	492	496	996	1066	1091	279	377	358	750	797	850	499	544	548	1100	1175	1203	307	415	393	824	875	933	547	596	600	1203	1285	1314	
320	340	359	379	399	418	438	457	477	497	516	536	556	575	595	614	634	654	673	693	712	732	752	771	320	340	359	379	399	418	438	457	477	497	516	536	556	575	595	614	634	654	673	693	712	732	752	771	
320	340	359	379	399	418	438	457	477	497	516	536	556	575	595	614	634	654	673	693	712	732	752	771	320	340	359	379	399	418	438	457	477	497	516	536	556	575	595	614	634	654	673	693	712	732	752	771	
320	340	359	379	399	418	438	457	477	497	516	536	556	575	595	614	634	654	673	693	712	732	752	771	791	811	830	850	869	889	909	928	948	967	987	1007	1026	1046	1065	1085	1105	1124	1144	1164	1183	1203	1222	1242	
344	33730	587	573	559	305	584	283	553	489	265	252	250	24287	419	405	391	210	398	191	368	320	171	160	
344	33730	587	573	559	305	584	283	553	489	265	252	250	24287	419	405	391	210	398	191	368	320	171	160	155	14843	250	236	222	116	213	99	183	152	77	68	61	5400	82	68	54	22	28	6	-2	-15	-16	-24	
344	33730	587	573	559	305	584	283	553	489	265	252	250	24287	419	405	391	210	398	191	368	320	171	160	
344	33730	587	573	559	305	584	283	553	489	265	252	250	24287	419	405	391	210	398	191	368	320	171	160	
344	33730	587	573	559	305	584	283	553	489	265	252	250	24287	419	405	391	210	398	191	368	320	171	160	155	14843	250	236	222	116	213	99	183	152	77	68	61	5400	82	68	54	22	28	6	-2	-15	-16	-24	



155	14843	250	236	222	116	213	99	183	152	77	68	61	5400	82	68	54	22	28	6	-2	-15	-16	-24	
0	0	0	0	0	0	0	0	0	0	0	0	0	0	0	0	0	0	0	0	0	0	0	0	
791	811	830	850	869	889	909	928	948	967	987	1007	1026	1046	1065	1085	1105	1124	1144	1164	1183	1203	1222	1242	
791	811	830	850	869	889	909	928	948	967	987	1007	1026	1046	1065	1085	1105	1124	1144	1164	1183	1203	1222	1242	
791	811	830	850	869	889	909	928	948	967	987	1007	1026	1046	1065	1085	1105	1124	1144	1164	1183	1203	1222	1242	
791	811	830	850	869	889	909	928	948	967	987	1007	1026	1046	1065	1085	1105	1124	1144	1164	1183	1203	1222	1242	
567	640	646	673	736	772	868	876	930	978	1035	1085	705	792	796	826	901	941	1055	1062	1124	1178	1243	1300	
279	377	358	750	797	850	499	544	548	1100	1175	1203	307	415	393	824	875	933	547	596	600	1203	1285	1314	
